Pay
Grade
34
35
36
37
38
39
40
41
42
43
44
45
46
47
48
49
50
51
52
53
54
55
56
57
58
59
60
61
62
63
64
65
66
67
68
69
70
71
72
73
74
75
76
77
78
79
80
81
82
83
84
85

Step 1
Minimum

15909.85
16310.09
16720.39
17141.01
17572.21
18014.26
18467.44
18932.01
19408.26
19896.50
20397.03
20910.14
21436.16
21975.41
22528.23
23094.96
23675.94
2427 1.54
24882.12
25508.06
26149.75
26807.58
27481.95
28173.30
28882.03
29608.59
30353.44
31117.01
31899.80
32702.28
33524.95
34368.31
35232.89
36119.21
37027.84
37959.69
38914.23
39893.17
40896.73
41925.54
42980.23
44061.45
45169.87
46306.18
47471.07
48665.26
49889.50
51144.53
52431.14
53750.11
55102.26
56488.42

Step 2

16108.73
16513.96
16929.39
17355.27
17791.87
18239.44
18698.28
19168.66
19650.87
20145.21
20651.99
21171.51
21704.11
22250.10
22809.83
23383.64
23971.89
24574.93
25193.14
25826.91
26476.62
27142.67
27825.48
28525.46
29243.06
29978.70
30732.85
31505.98
32298.55
33111.06
33944.01
34797.91
35673.30
36570.71
37490.69
38434.18
39400.66
40391.84
41407.94
42449 61
43517.48
44612.22
45734.50
46885.01
48064.46
49273.58
50513.12
51783.84
53086.52
54421.98
55791.04
57194.53

Step 3

16310.09
16720.39
17141.01
17572.21
18014.26
18467 .44
18932.01
19408 .26
19896.50
20397.03
20910.14
21436.16
21975.41
22528 .23
23094.96
23675.94
24271.54
24882.12
25508.06
26149.75
26807.58
27481.95
28173.30
28882.03
29608.59
30353.44
31117.01
31899.80
32702.28
33524.95
34368 .31
35232.89
36119.21
37027.84
37959.32
3891461
39893.17
40896.73
41925.54
42980.23
44061.45
45169.87
46306.18
47471.07
48665.26
49889.50
51144.53
52431.13
53750.11
55102.26
56488 .42
57909.46

Step 4

16513.96
16929 .39
17355.27
17791.87
18239.44
18698 .28
19168.66
19650.87
20145.21
20651.99
21171.51
21704.11
22250.10
22809.83
23383.64
23971.89
24574.93
25193.14
25826.91
26476.62
27142.67
27825.48
28525.46
29243.06
29978.70
30732.85
31505.98
32298.55
33111.06
33944.01
34797.91
35673.30
36570.71
37490.69
38433.81
39401.04
40391.84
41407.94
42449 61
43517.48
44612.22
45734.50
46885.01
48064.46
49273.58
50513.12
51783.84
53086.52
54421.98
55791.04
57194.53
58633.33

Step 5

16720.39
17141.01
17572.21
18014.26
18467.44
18932.01
19408.26
19896.50
20397 .03
20910.14
21436.16
21975.41
22528.23
23094.96
23675.94
24271.54
24882.12
25508.06
26149.75
26807.58
27481.95
28173.30
28882.03
29608.59
30353.44
31117.01
31899.80
32702.28
33524.95
34368.31
35232.89
36119.21
37027.84
37959.32
38914.23
39893.56
40896.73
41925.54
42980.23
44061.45
45169.87
46306.18
47471.07
48665.26
49889.50
51144.53
52431.13
53750.11
55102.26
56488.42
57909.46
59366.24

Step 11
2nd Quartile

18014.26
18467.44
18932.01
19408.26
19896.50
20397 .03
20910.14
21436.16
21975.41
22528 .23
23094.96
23675.94
24271.54
24882.12
25508 .06
26149.75
26807.58
27481.95
28173.30
28882.03
29608.59
30353.44
31117.01
31899.80
32702.28
33524.95
34368.31
35232.89
36119.21
37027 .84
37959 .32
38914.23
39893.17
40896 .73
41925.54
42980.65
44061.45
45169.87
46306.18
47471.07
48665 .26
49889.50
51144.53
52431.13
53750.11
55102.26
56488 .42
57909.46
59366 .24
60859.68
62390.68
63960.19

Step 21
Midpoint

20397 .03
20910.14
21436.16
21975.41
22528 .23
23094 .96
23675.94
24271.54
24882.12
25508 .06
26149.75
26807.58
27481.95
28173.30
28882.03
29608.59
30353.44
31117.01
31899.80
32702.28
33524 .95
34368.31
35232.89
36119.21
37027 .84
37959 .32
38914.23
39893.17
40896 .73
41925.54
42980.23
44061.45
45169.87
46306.18
47471.07
48665.73
49889.50
51144.53
52431.13
53750.11
55102.26
56488 .42
57909.46
59366 .24
60859.68
62390.68
63960.19
65569.19
67218.67
68909.64
70643.14
72420.26

Step 41
Maximum

26149.75
26807.58
27481.95
28173.30
28882.03
29608.59
30353.44
31117.01
31899.80
32702.28
33524.95
34368 .31
35232.89
36119.21
37027 .84
37959 .32
38914.23
39893.17
40896.73
41925.54
42980.23
44061.45
45169.87
46306.18
47471.07
48665.26
49889.50
51144.53
52431.13
53750.11
55102.26
56488 42
57909.46
59366.24
60859.68
62391.28
63960.19
65569.19
67218.67
68909.64
70643.14
72420.26
74242.08
76109.74
78024.37
79987.17
81999.35
84062.15
86176.83
8834472
90567.14
92845.47
Pay
Grade
86
87
88
89
90
91
92
93
94
95
96
97
98
99
100
101
102
103
104
105
106
107
108
109
110
111
112
113
114
115
116
117
118
119
120
121
122
123
124
125
126
127
128
129
130
131
132
133
134
135

Step 1
Minimum

57909.46
59366.24
60859.68
62390.68
63960.19
65569.19
67218.67
68909.64
70643.14
72420.26
74242.08
76109.74
78024 37
79987.17
81999.35
84062.15
86176.83
8834472
90567.14
92845.47
95181.12
97575.52
100030.15
102546.53
105126.22
107770.80
110481.91
11326 1.22
116110.45
119031.35
122025.73
125095.44
128242 38
131468.47
134775.73
138166.18
141641.92
145205.10
148857 .92
152602.62
156441.53
160377 .02
164411.50
168547 .48
172787.50
177134.19
181590.22
186158.35
190841.39
19564225

Step 2

58633.33
60108.32
61620.42
63170.56
64759.70
66388.81

68058.90
69771.01

71526.18
73325.51

75170.11

77061.11

78999 68
80987.01

83024 34
85112.92
87254.04
8944903
91699.23
94006.04
96370.88
98795.21

101280.53
103828 36
106440.30
109117.94
111862.93
114676.99
117561.83
120519.24
123551.06
126659.14
129845.41
133111.83
136460.42
139893.26
143412.45
147020.16
150718.64
154510.16
158397.05
162381.73
166466.64
170654 32
174947 34
179348 36
183860.09
188485.33
193226 .91
198087.77

Step 3

59366.24
60859.68
62390.68
63960.19
65569.19
67218.67
68909.64
70643.14
72420.26
74242.08
76109.74
78024 37
79987.17
81999.35
84062.15
86176.83
8834472
90567.14
92845.47
95181.12
97575.52
100030.15
102546.53
105126.22
107770.80
110481.91
113261 .22
116110.45
119031.35
122025.73
125095.44
128242 38
131468.47
134775.73
138166.18
141641.92
145205.10
148857 .92
152602.62
156441.53
160377 .02
164411.50
168547 .48
172787.50
177134.19
181590.22
186158.35
190841.39
19564225
200563 .87

Step 4

60108.32
61620.42
63170.56
64759.70
66388.81

68058.90
69771.01

71526.18
73325.51

75170.11

77061.11

78999 68
80987.01

83024 34
85112.92
87254.04
89449 03
91699.23
94006.04
96370.88
98795.21

101280.53
103828 36
106440.30
109117.94
111862.93
114676.99
117561.83
120519.24
123551 .06
126659.14
129845.41
133111.83
136460.42
139893.26
143412.45
147020.16
150718.64
154510.16
158397 .05
162381.73
166466.64
170654 32
174947 34
179348 36
183860.09
188485.33
193226 .91
198087.77
203070.92

Step 5

60859.68
62390.68
63960.19
65569.19
67218.67
68909.64
70643.14
72420.26
74242.08
76109.74
78024 37
79987.17
81999.35
84062.15
86176.83
8834472
90567.14
92845.47
95181.12
97575.52
100030.15
102546.53
105126.22
107770.80
110481.91
113261 .22
116110.45
119031.35
122025.73
125095.44
128242 38
131468.47
134775.73
138166.18
141641.92
145205.10
148857 .92
152602.62
156441.53
160377 .02
164411.50
168547 .48
172787.50
177134.19
181590.22
186158.35
190841.39
19564225
200563 .87
205609.31

Step 11
2nd Quartile

65569.19
67218.67
68909.64
70643.14
72420.26
7424208
76109.74
78024 37
79987.17
81999.35
84062.15
86176.83
8834472
90567.14
92845.47
95181.12
97575.52
100030.15
102546.53
105126.22
107770.80
110481.91
11326122
116110.45
119031.35
122025.73
125095.44
128242 38
131468.47
134775.73
138166.18
141641.92
145205.10
148857.92
152602.62
15644153
160377.02
164411.50
168547 48
17278750
177134.19
181590.22
186158.35
19084139
19564225
200563.87
205609.31
210781.66
216084.14
221520.01

Step 21
Midpoint

74242.08
76109.74
78024.37
79987 .17
81999.35
84062.15
86176.83
8834472
90567.14
92845.47
95181.12
97575.52
100030.15
102546.53
105126.22
107770.80
110481.91
113261 .22
116110.45
119031.35
122025.73
125095.44
128242 38
131468.47
134775.73
138166.18
141641.92
145205.10
148857 .92
152602.62
156441.53
160377 .02
164411.50
168547 .48
172787.50
177134.19
181590.22
186158.35
190841.39
19564225
200563 .87
205609.31
210781 .66
216084 14
221520.01
22709262
232805 .42
238661 .93
244665.77
250820.64

Step 41
Maximum

95181.12
97575.52
100030.15
102546.53
105126.22
107770.80
110481.91
11326122
116110.45
119031.35
122025.73
125095.44
128242 38
131468.47
134775.73
138166.18
141641.92
145205.10
148857.92
152602.62
15644153
160377.02
164411.50
168547 48
17278750
177134.19
181590.22
186158.35
19084139
19564225
200563.87
205609.31
210781.66
216084.14
221520.01
227092.62
232805.42
238661.93
244665.77
250820.64
257 130.35
263598.78
270229.94
277027.91
283996.90
291141.19
298465.21
305973.48
313670.63
321561.40
